31;78;63;93;5867;1247;62;7504;234;2152;9906;
32;78;63;78;5552;1405;48;7286;234;1887;9422;
31;63;62;141;5632;1294;32;7300;203;1685;9188;
31;171;47;109;5679;1171;30;7270;218;1825;9313;
62;62;125;94;5603;1230;46;7363;250;1840;9453;
31;78;47;141;5460;1249;123;7160;218;1888;9282;
15;78;62;140;5898;1310;47;7597;234;2137;9968;
31;78;62;125;5816;1266;47;7457;218;2059;9734;
31;78;47;125;5910;1155;111;7488;249;2028;9781;
93;62;78;94;5616;1732;46;7737;266;2043;10046;
31;78;78;78;5757;1466;47;7566;265;2387;10249;
32;78;63;156;5830;1252;16;7442;234;2044;9735;
31;78;62;94;5618;1153;62;7129;234;1934;9313;
31;62;94;93;5728;1167;32;7254;218;1670;9142;
63;47;46;94;5602;1357;46;7395;234;1981;9641;
31;62;78;125;5647;1233;16;7223;234;2043;9500;
31;62;94;109;5505;1251;46;7160;234;1591;8985;
16;62;47;140;5803;1186;62;7332;266;1840;9453;
47;62;63;109;5693;1170;63;7270;265;2059;9594;
47;63;93;78;5957;1236;15;7535;249;2044;9859;
47;63;62;78;5634;1199;78;7223;249;2060;9532;
47;62;78;109;5524;1138;93;7067;234;1903;9220;
31;78;62;94;5399;1277;78;7066;234;1654;8970;
47;63;93;78;5680;1262;63;7316;234;1701;9251;
16;78;109;125;5694;1234;45;7316;234;1810;9376;
32;63;93;78;5633;1248;46;7208;249;2028;9500;
32;78;94;78;5682;1198;46;7223;250;2075;9548;
32;63;62;125;5710;1388;93;7488;250;2075;9813;
47;63;109;78;5649;1245;32;7238;234;2075;9547;
32;172;78;140;5787;1219;45;7504;234;1684;9453;
16;62;63;156;5600;1138;63;7160;266;1794;9236;
32;78;62;94;5492;1280;46;7130;249;2231;9610;
32;63;93;78;5583;1219;46;7160;265;1701;9126;
47;62;62;78;5836;1246;63;7472;219;1981;9672;
31;62;47;93;5711;1216;62;7269;250;2012;9531;
47;62;141;124;5695;1248;62;7535;218;1669;9422;
32;63;78;109;5600;1138;47;7114;250;1856;9235;
31;62;78;94;5693;1140;61;7191;250;1716;9157;
31;78;47;109;5616;1497;63;7472;297;1950;9735;
47;62;78;94;5662;1171;31;7161;234;2091;9516;
32;156;47;94;5490;1171;46;7083;234;1934;9266;
16;78;94;93;5708;1266;31;7301;234;2060;9626;
31;62;47;125;5571;1216;46;7192;249;1903;9360;
62;47;62;78;5521;1249;62;7222;250;2059;9531;
47;63;46;94;5692;1218;79;7332;234;2028;9610;
47;156;125;140;5648;1231;47;7425;250;2075;9750;
31;46;47;94;5494;1214;62;7113;219;2074;9406;
32;78;78;78;5556;1496;77;7410;234;1919;9578;
16;78;78;78;5508;1403;62;7270;234;1825;9344;
15;62;78;78;5568;1157;61;7098;249;2075;9422;
16;172;62;125;5568;1186;47;7207;250;1763;9220;
32;63;78;93;5959;1124;62;7442;249;2013;9704;
15;78;93;78;5399;1292;95;7082;250;2028;9360;
32;63;62;125;5477;1216;47;7052;249;1810;9111;
47;62;78;109;5775;1247;46;7395;234;1669;9298;
31;62;78;78;5741;1420;62;7519;281;1903;9703;
47;63;93;94;5768;1203;80;7379;234;1841;9454;
32;78;63;109;5645;1202;64;7223;250;2137;9610;
32;78;63;109;5695;1261;95;7348;234;1685;9267;
15;78;63;93;5852;1153;78;7363;249;1872;9484;
16;63;78;93;5693;1154;63;7239;234;2371;9844;
47;62;62;140;5738;1139;96;7332;265;1872;9469;
16;78;78;78;5677;1203;46;7239;234;2090;9563;
47;62;63;109;5587;1292;47;7223;250;2090;9563;
62;109;78;78;5708;1202;63;7332;249;1997;9578;
47;63;62;125;5693;1217;48;7285;219;1981;9485;
31;78;78;78;5553;1278;64;7207;234;1872;9313;
31;78;78;125;5979;1215;60;7613;250;2090;9984;
31;62;63;124;5680;1186;61;7238;250;2028;9532;
31;63;78;93;5710;1218;46;7270;234;1840;9344;
63;63;78;140;5504;1235;32;7130;234;1903;9282;
16;62;78;78;5897;1155;108;7441;250;1934;9656;
31;78;62;125;5756;1234;30;7332;265;1903;9500;
31;63;78;93;5790;1294;46;7410;249;1716;9391;
32;94;47;109;5742;1136;64;7254;250;2090;9594;
31;78;62;94;5599;1171;78;7129;234;1888;9251;
15;78;94;109;5679;1169;94;7269;250;2106;9641;
31;78;62;94;5617;1341;62;7301;249;1919;9469;
47;62;63;93;6039;1247;46;7628;219;2043;9890;
32;63;93;78;5695;1137;47;7192;218;1826;9236;
47;78;63;93;5524;1186;45;7067;234;1903;9204;
31;140;125;94;5802;1188;46;7472;250;2012;9734;
31;62;78;94;5632;1153;48;7160;218;1872;9250;
31;62;78;94;5553;1234;45;7129;250;1981;9376;
187;46;125;125;5741;1217;47;7535;234;1934;9703;
93;62;47;94;5508;1374;75;7269;234;2028;9531;
47;62;140;125;5816;1266;47;7519;234;2028;9781;
187;47;125;63;5957;1157;0;7582;218;1638;9453;
31;62;110;109;5617;1169;63;7192;249;2028;9469;
16;62;78;156;5956;1204;31;7582;234;2043;9859;
31;78;31;124;5630;1141;78;7191;234;1841;9282;
31;78;78;78;6005;1218;47;7566;249;2059;9890;
47;78;63;78;5741;1185;32;7254;234;1685;9188;
171;47;46;78;5755;1327;16;7472;250;2043;9765;
125;63;47;93;5616;1186;109;7270;265;2075;9610;
31;187;125;125;5665;1231;31;7426;234;2012;9703;
172;46;47;78;5426;1297;47;7161;234;2028;9423;
46;78;62;125;5800;1250;48;7441;234;2028;9703;
31;62;110;124;5665;1246;63;7317;234;1856;9438;
203;47;47;94;5662;1139;47;7270;234;2043;9547;
